# Created by Octave 3.2.4, Fri Feb 19 16:28:09 2016 EST <k3thomps@k3thomps-HP-2000-Notebook-PC>
# name: first_f
# type: matrix
# rows: 2001
# columns: 1
 -0.9808933334462412
 -0.9808909904805553
 -0.9809160651813689
 -0.9809522865610293
 -0.9809973298347239
 -0.9810415863545564
 -0.9811130107585707
 -0.981209622591558
 -0.9813080406779041
 -0.9814143818376202
 -0.9815195353996835
 -0.9816300912857471
 -0.981744294828758
 -0.9818552778361186
 -0.9819654643033634
 -0.982076299215114
 -0.98218645837497
 -0.982295789073565
 -0.9824005727795689
 -0.9825006232380173
 -0.9825985754737411
 -0.982691009114414
 -0.9827774447178953
 -0.9828592214797947
 -0.9829351563006843
 -0.9830063112044701
 -0.9830718863969283
 -0.983131262202996
 -0.9831847202172508
 -0.9832332039260231
 -0.9832777269913313
 -0.9833190929049709
 -0.983357824581984
 -0.9833934825690617
 -0.9834259508553502
 -0.9834550937585097
 -0.9834813324389352
 -0.9835048964747669
 -0.9835260422222031
 -0.9835440677588611
 -0.9835595885990579
 -0.9835729455952256
 -0.9835831810644615
 -0.9835899504054979
 -0.983594405842567
 -0.9835973979437027
 -0.9835987858321631
 -0.9835984201626192
 -0.9835964563026512
 -0.9835934501512146
 -0.9835906407503351
 -0.9835881397813331
 -0.9835859261511569
 -0.9835838408895792
 -0.9835814188127868
 -0.9835794435388322
 -0.9835787098110942
 -0.9835787452236057
 -0.9835795966810975
 -0.9835819108000167
 -0.9835856712951675
 -0.9835901226417381
 -0.9835960444385219
 -0.9836039055114043
 -0.9836143151108308
 -0.9836271149218377
 -0.983642373424975
 -0.9836601001638716
 -0.9836808647991436
 -0.9837046388197821
 -0.9837311529050808
 -0.9837599486077897
 -0.9837913946787915
 -0.9838259150429322
 -0.9838634699071779
 -0.9839039503849001
 -0.9839476394506274
 -0.9839942299580952
 -0.9840437040770604
 -0.9840964830963174
 -0.9841531178792994
 -0.9842126511116392
 -0.9842754504662053
 -0.9843420068732999
 -0.9844125218183251
 -0.984486205354149
 -0.9845623895893538
 -0.9846399975178299
 -0.9847196036095568
 -0.9848012367868956
 -0.9848853102730992
 -0.9849731822104644
 -0.9850654216747176
 -0.9851613404155315
 -0.9852607498842186
 -0.9853619836251312
 -0.9854636137386787
 -0.9855672118247158
 -0.9856740797872662
 -0.9857833059827295
 -0.9858948238283295
 -0.9860081342019924
 -0.9861227466058249
 -0.9862385081427391
 -0.9863550146002373
 -0.9864723019900619
 -0.9865905203221819
 -0.9867097308330893
 -0.9868308550383021
 -0.9869536422578318
 -0.9870765177027138
 -0.9871995616044857
 -0.9873225140443131
 -0.9874455139820444
 -0.9875687946991408
 -0.9876920973128461
 -0.9878146966103395
 -0.9879371330882132
 -0.9880596149953291
 -0.9881823592912236
 -0.9883051814766471
 -0.9884276383082833
 -0.9885498759582592
 -0.9886722429733271
 -0.9887946293415224
 -0.9889163760941703
 -0.9890371178376852
 -0.9891568532921323
 -0.9892765207207378
 -0.9893965402790583
 -0.9895161443914988
 -0.9896346173497556
 -0.989751968186208
 -0.989868059680804
 -0.9899836843537597
 -0.9900989101152896
 -0.9902133959649418
 -0.9903271607583327
 -0.9904406300785208
 -0.9905537386041841
 -0.990666405146137
 -0.9907786145162916
 -0.9908905745985181
 -0.9910021345431776
 -0.9911131991266871
 -0.9912235658663427
 -0.9913334399570819
 -0.9914428375775565
 -0.9915516879203246
 -0.9916599549530291
 -0.9917676864562006
 -0.9918747169364793
 -0.991981385721487
 -0.9920873438589143
 -0.9921925386342523
 -0.9922969960220026
 -0.9924007073380768
 -0.9925038505767978
 -0.9926064341822338
 -0.9927084855953416
 -0.9928097422199912
 -0.9929104967268682
 -0.9930109599502203
 -0.993111341862016
 -0.9932114677099311
 -0.9933110107922615
 -0.9934095221773707
 -0.9935072556340947
 -0.9936045680765341
 -0.9937016497383115
 -0.9937986705575825
 -0.9938953038052506
 -0.9939914478135089
 -0.9940870765065913
 -0.9941823360499478
 -0.9942771585990406
 -0.9943716823071236
 -0.994466026321689
 -0.994560300140733
 -0.9946546013424798
 -0.9947490303366183
 -0.9948434509980381
 -0.9949377482378151
 -0.9950317099198768
 -0.995125522693727
 -0.9952189814427275
 -0.9953121190312298
 -0.9954044753891504
 -0.9954962642415168
 -0.9955874086880933
 -0.9956784792387408
 -0.9957696324703863
 -0.9958609402385272
 -0.9959521570019164
 -0.9960430837570668
 -0.9961337194902781
 -0.9962239094729287
 -0.9963137623069614
 -0.9964033020607337
 -0.996492668085242
 -0.9965817002296191
 -0.9966704568052767
 -0.9967587810731491
 -0.9968468472576847
 -0.9969346024593231
 -0.997022293093479
 -0.9971097465236207
 -0.9971968771613987
 -0.9972838067902284
 -0.9973706677273729
 -0.9974571540213706
 -0.9975432365968105
 -0.9976288432885299
 -0.9977141048511567
 -0.9977989002394178
 -0.99788330237623
 -0.9979670879644534
 -0.9980503761581537
 -0.9981332607946758
 -0.9982159242241886
 -0.9982982135490315
 -0.9983802543409376
 -0.9984619810315544
 -0.9985434960910475
 -0.9986246909702702
 -0.9987056005981879
 -0.9987860997798982
 -0.99886620093358
 -0.9989458073732802
 -0.9990249813663841
 -0.9991036581946364
 -0.9991819161136432
 -0.9992597735715276
 -0.9993372444512226
 -0.9994143265265067
 -0.9994911010143152
 -0.9995675858803578
 -0.9996438097900998
 -0.9997197403825534
 -0.9997953627293347
 -0.9998705491402995
 -0.9999452842473476
 -1.000019420829403
 -1.000092982244254
 -1.000165823871827
 -1.000238226483102
 -1.000309947422534
 -1.000381398623152
 -1.000452377968551
 -1.000523183945518
 -1.00059354185764
 -1.000663760349683
 -1.000733620302232
 -1.00080300028171
 -1.0008717608344
 -1.00094002757387
 -1.001007596999087
 -1.001074557766243
 -1.001140894288554
 -1.001206882940357
 -1.001272254794876
 -1.001337267657363
 -1.001401685225878
 -1.001465591808988
 -1.001528813868173
 -1.001591579006691
 -1.001653890986669
 -1.001715761689487
 -1.001777215327986
 -1.00183824312767
 -1.001898626455063
 -1.001958467891219
 -1.002017764904242
 -1.002076477608712
 -1.002134554477594
 -1.002192168866427
 -1.002249152666653
 -1.002305542939621
 -1.002361336407373
 -1.002416658964751
 -1.002471236721706
 -1.002525159914695
 -1.002578358579876
 -1.002631013748202
 -1.002682981145459
 -1.002734558789138
 -1.002785363988455
 -1.002835601919512
 -1.002885165326471
 -1.002934583224607
 -1.002983517298797
 -1.003032058292696
 -1.003079881008745
 -1.003127047649121
 -1.003173604317372
 -1.003219610943734
 -1.003264944670208
 -1.003309293507393
 -1.003353016929572
 -1.003396126718566
 -1.003438604481321
 -1.003480363863875
 -1.003521508466203
 -1.003562000418151
 -1.003601867035513
 -1.003641031793407
 -1.003679758960817
 -1.003718175690868
 -1.003756070787794
 -1.003793350264533
 -1.003830166690098
 -1.003866698454404
 -1.003902626658631
 -1.003937903196679
 -1.003972643462321
 -1.00400679694188
 -1.004040322797269
 -1.004073821538543
 -1.00410631545013
 -1.00413853805955
 -1.004169948043149
 -1.004201146317823
 -1.004231936431783
 -1.004262227871956
 -1.004292085372172
 -1.004321175794597
 -1.004349568323996
 -1.004377397198301
 -1.004404823959623
 -1.004431693232458
 -1.004458163191112
 -1.00448417379651
 -1.004509804487264
 -1.004534672344342
 -1.004558973586727
 -1.004582363815435
 -1.004605324715411
 -1.004627900156505
 -1.004650082366266
 -1.004672044189734
 -1.004693697649901
 -1.004715101757051
 -1.004735866707422
 -1.004756033918383
 -1.00477550855778
 -1.004794261687557
 -1.004812213282091
 -1.00482968421018
 -1.004846611466774
 -1.004862699175446
 -1.004878041572638
 -1.004893003811938
 -1.004907334784265
 -1.004920979572981
 -1.004934126396154
 -1.004946505495456
 -1.004957960781128
 -1.004968366591035
 -1.004977392719643
 -1.004985643983842
 -1.004993461980323
 -1.005001451418979
 -1.005009352911728
 -1.005017147891582
 -1.00502389916784
 -1.005029241296315
 -1.005033356148198
 -1.005036856097097
 -1.0050397442264
 -1.005042271128424
 -1.005044134304149
 -1.005045392511336
 -1.005046268994478
 -1.005046912282066
 -1.005046947773269
 -1.005046786149719
 -1.005046344127184
 -1.005045554651526
 -1.005044409516217
 -1.005043000779308
 -1.005040782130781
 -1.005037597064613
