# Created by Octave 3.2.4, Fri Feb 19 16:28:09 2016 EST <k3thomps@k3thomps-HP-2000-Notebook-PC>
# name: first_s
# type: matrix
# rows: 2001
# columns: 1
 0
 0
 0
 0
 0
 0
 0
 0
 0
 0
 0
 0
 0
 0
 0
 0
 0
 0
 0
 0
 0
 0
 0
 0
 0
 0
 0
 0
 0
 0
 0
 0
 0
 0
 0
 0
 0
 0
 0
 0
 0
 0
 0
 0
 0
 0
 0
 0
 0
 0
 0
 0
 0
 0
 0
 0
 0
 0
 0
 0
 0
 0
 0
 0
 0
 0
 0
 0
 0
 0
 0
 0
 0
 0
 0
 0
 0
 0
 0
 0
 0
 0
 0
 0
 0
 0
 0
 0
 0
 0
 0
 0
 0
 0
 0
 0
 1.037222756907526e-22
 2.520353040929741e-19
 2.035654814269267e-16
 7.007111125828078e-14
 1.115086399928651e-11
 8.466012304825673e-10
 3.103723312293049e-08
 5.655180215592835e-07
 4.892556205666812e-06
 2.798701703697465e-05
 7.511054873999636e-05
 0.0001380690471197119
 0.0002014217450968969
 0.000267241072415947
 0.000339387271497735
 0.0003841193198160473
 0.0003833783971629267
 0.0003233974476993152
 0.0002172929544463434
 7.254343998341235e-05
 -9.955137669261122e-05
 -0.0001746250363839864
 -0.0001957707080692106
 -0.00019194360681429
 -0.0001842154111241846
 -0.0001685926721632738
 -0.0001309539609889913
 -6.550897506657284e-05
 1.731272453787114e-05
 8.951484078786168e-05
 0.000144988837088867
 0.0001894200038201058
 0.0002323127384736234
 0.0002768527919992137
 0.0003062982200972446
 0.0002890811780908837
 0.0002172959123548681
 0.0001292508453559211
 5.606655603873352e-05
 3.553272187788208e-05
 5.347935143895817e-05
 9.117597161551526e-05
 0.0001397587923514917
 0.0001966210738130134
 0.0002558426732576281
 0.0003115511177655212
 0.0003615777146042005
 0.0004078872026181417
 0.0004523851571323048
 0.0004940635403345827
 0.0005280669104416628
 0.0005530532227507142
 0.0005637968829550181
 0.0005588230592994842
 0.0005417128623261193
 0.0005162982314718379
 0.0004876128553555131
 0.0004649764799146203
 0.0004519317039038869
 0.0004490878604176687
 0.0004568895600298631
 0.0004707323923637443
 0.0004855989353662651
 0.0004972758717054201
 0.0005015104935099576
 0.0004934268653626543
 0.0004701874912737864
 0.0004365280910176718
 0.0003969766299476185
 0.0003581740011595798
 0.0003276643639413948
 0.0003112027247570282
 0.000313746895576333
 0.0003274837963722639
 0.0003457855450862593
 0.0003650675260235935
 0.0003832474669774936
 0.0003975979811624073
 0.0004072869917839197
 0.0004073180930452799
 0.0003867904456995364
 0.0003353926218825381
 0.0002589461859795745
 0.0001710494919107322
 8.807890234063399e-05
 2.574830406735426e-05
 -9.972172569272534e-06
 -2.074146925302564e-05
 -8.91198445080469e-06
 1.294000751936924e-05
 3.134908063614846e-05
 3.695598248194019e-05
 1.839049293803168e-05
 -2.166295518188626e-05
 -7.953174514066068e-05
 -0.0001522038143895286
 -0.0002296120660992218
 -0.0003004886348867313
 -0.0003505645434385527
 -0.0003622298274973645
 -0.0003373894306905958
 -0.0002871980358901384
 -0.0002239191898626956
 -0.000153415017496881
 -7.905326539507549e-05
 -7.174785344389823e-06
 5.657923113913136e-05
 0.0001093503384881627
 0.0001448280647786398
 0.0001633229402238168
 0.0001639544275791807
 0.0001496811579327872
 0.0001233697270119374
 9.128170663302671e-05
 6.477131035372401e-05
 5.460287229626525e-05
 7.172150127516615e-05
 0.0001146404659174335
 0.0001713557113014699
 0.0002297599564583522
 0.0002820327111084492
 0.0003486555746167104
 0.0004252216149540115
 0.0005031018447377793
 0.0005710292141970041
 0.0006202312383901913
 0.0006434371381464753
 0.0006430653719251803
 0.0006220515163839784
 0.00059092318358761
 0.0005496981983918817
 0.0005084663712351078
 0.0004760349163813931
 0.0004548497515949289
 0.0004449012175247878
 0.0004490026502446335
 0.0004669809943082876
 0.0004973938835359031
 0.0005367977971124058
 0.0005805409954220566
 0.000623317307973956
 0.0006593086852592388
 0.0006842939150588102
 0.000693150001401122
 0.0006825255734608392
 0.0006501596107975024
 0.0005975028054662257
 0.0005315109383055021
 0.0004614742597057254
 0.000399625273032454
 0.0003552712503563205
 0.0003274410009325168
 0.0003202927874581409
 0.0003392518000278084
 0.0003820104441403842
 0.0004312756166201829
 0.0004809967700505995
 0.0005180552471441899
 0.0005314823547848725
 0.0005132879080975971
 0.0004629649942871208
 0.0003902083174077348
 0.0003040495994852478
 0.0002177571724797283
 0.0001515909999289009
 0.0001134911596190188
 9.552788596262299e-05
 9.753928991274469e-05
 0.0001136209162856355
 0.0001391207583784993
 0.000166432582723502
 0.0001886157033209788
 0.0002012571854837438
 0.0001995942045269183
 0.0001788985382427508
 0.0001403336190753964
 9.255966270249658e-05
 4.404732235517946e-05
 1.948664596580743e-06
 -2.494606664384479e-05
 -3.72469983743455e-05
 -3.870468714277082e-05
 -3.37625226117735e-05
 -2.380141033246079e-05
 -1.180491828027431e-05
 -2.346893196019661e-06
 2.72628149801817e-06
 3.462248619812094e-06
 7.352416778338855e-07
 -3.79626208139571e-06
 -7.877846232645404e-06
 -1.04823149674623e-05
 -1.371508861284841e-05
 -2.176352871454064e-05
 -3.232538855868724e-05
 -4.45858593687549e-05
 -5.645518756007165e-05
 -6.656495683519115e-05
 -7.388689488417592e-05
 -7.752435579775698e-05
 -7.685248934690009e-05
 -7.269568606600482e-05
 -6.612236252190682e-05
 -5.773858205275121e-05
 -4.813112770825071e-05
 -3.79610985499266e-05
 -2.767020686123561e-05
 -1.727667901147864e-05
 -6.352239937865897e-06
 6.390600394682561e-06
 2.605917991261119e-05
 5.706519154095109e-05
 9.763930399602535e-05
 0.0001453671596909267
 0.0001951806289470617
 0.0002445473827220571
 0.0002923934662414349
 0.0003378753074167441
 0.0003814364010269371
 0.0004237964411317629
 0.0004666039045104654
 0.0005120533573743446
 0.0005622362821290012
 0.0006180993437627572
 0.0006783393659556682
 0.0007413217160903478
 0.0008051250974078382
 0.0008656430089898963
 0.0009197402205573759
 0.0009651250922448205
 0.0009983439553228125
 0.001016563985615452
 0.001026436946068012
 0.001035788692743663
 0.001049358539264097
 0.001069447070184141
 0.001096116234183789
 0.001133343316303559
 0.001176733573427655
 0.001223258455477807
 0.001268740078473205
 0.001307704946824363
 0.001335425893235963
 0.001350283930851891
 0.001349739431426934
 0.001337772112631196
 0.00132081450106213
 0.001302738412467488
 0.00128671927667562
 0.001275548342273416
 0.001270793780979854
 0.001272416746973988
 0.001279764667285286
 0.001289546729603993
 0.001297426452277746
 0.001297922849632729
 0.001279445542935009
 0.001236022160209117
 0.001179905468055044
 0.001116762434668798
 0.001050552339686996
 0.0009865469800371428
 0.0009308935580517387
 0.0008925459997040981
 0.0008696641986247749
 0.0008552888362292082
 0.0008487083238629846
 0.000844905030017643
 0.0008389952338029831
 0.0008243721733511247
 0.0007992347763339697
 0.0007620064295951238
 0.0007147943263924686
 0.0006610619505248672
 0.0006065168170492008
 0.0005554364400571403
 0.000512056190872189
 0.0004768810760197398
 0.000449234682693714
 0.0004272050758239578
 0.0004092682972004653
 0.0003916979519002407
 0.0003707024677288239
 0.0003429570392543665
 0.0003083144796946628
 0.0002643459375985517
 0.0002152400002672941
 0.0001648783009320111
 0.000117565923259681
 7.807765748947902e-05
 4.332484876235128e-05
 1.664432720671543e-05
 3.925159730005196e-07
 -8.928692241982015e-06
 -1.327677243522086e-05
 -1.783365959378004e-05
 -2.570705845666192e-05
 -3.869590062988304e-05
 -6.092538174791386e-05
 -9.552554125613402e-05
 -0.0001307202872950725
 -0.000164679043640856
 -0.0001950874033587774
 -0.0002183495692778875
 -0.0002319677789569405
 -0.0002384138710393384
 -0.0002397028435892423
 -0.0002384170495543687
 -0.0002365423722366723
 -0.0002356836630372205
 -0.0002371879127635271
 -0.000240570932181746
 -0.0002455394144627653
 -0.0002520101162457837
 -0.0002587718519488039
 -0.0002624490551546388
 -0.0002613086838226387
 -0.0002542133918991101
 -0.0002424530713360413
 -0.0002251646852103904
 -0.0002051468639242864
 -0.0001839100910344078
 -0.0001652110717610706
 -0.0001539709217641034
 -0.0001487201157055346
 -0.0001487513080614884
 -0.0001520919694937406
