# Created by Octave 3.2.4, Fri Feb 19 16:31:33 2016 EST <k3thomps@k3thomps-HP-2000-Notebook-PC>
# name: second_f
# type: matrix
# rows: 2001
# columns: 1
 -0.9895890319544588
 -0.9895789647324014
 -0.9895580297278558
 -0.9895242867182793
 -0.9894756222539276
 -0.98941040035239
 -0.9893285015701664
 -0.9892315992639376
 -0.9891231049978758
 -0.9890075176675394
 -0.9888894128707598
 -0.9887732187068384
 -0.9886620421198888
 -0.9885587115184359
 -0.9884646082408712
 -0.9883808443384018
 -0.9883075828253735
 -0.9882452932701331
 -0.9881938786665153
 -0.9881535768191645
 -0.9881242575925213
 -0.9881060269909854
 -0.9880984501928296
 -0.988101455054187
 -0.9881143963454546
 -0.9881369548233973
 -0.9881681080362361
 -0.9882070074236451
 -0.9882520048505764
 -0.9883016006479344
 -0.9883537313333696
 -0.9884066129811429
 -0.988458651792575
 -0.9885090172696999
 -0.9885576167417763
 -0.9886045235453248
 -0.9886501089023877
 -0.9886944219361987
 -0.9887379340814579
 -0.9887807697794141
 -0.9888235396620668
 -0.9888664213513817
 -0.9889099583032901
 -0.9889541270293979
 -0.9889991328769572
 -0.9890445340550139
 -0.9890902788159112
 -0.9891355869025513
 -0.9891805991266793
 -0.989224522807476
 -0.9892676380466702
 -0.9893095627930215
 -0.9893506529801565
 -0.9893908289621649
 -0.9894304482540384
 -0.9894694348783337
 -0.9895080781631247
 -0.9895462140078755
 -0.9895840768581555
 -0.9896214318476366
 -0.9896584812436356
 -0.9896949892375522
 -0.9897312144483961
 -0.9897668936080897
 -0.989802344645577
 -0.9898373022535166
 -0.9898720949607704
 -0.989906555221006
 -0.9899410192614618
 -0.989975355532957
 -0.9900098348759624
 -0.9900442504770177
 -0.9900790254060136
 -0.9901139167305542
 -0.9901494081273187
 -0.9901852713536798
 -0.9902217504181999
 -0.9902586689752064
 -0.9902958436458991
 -0.9903329976400909
 -0.9903699019807327
 -0.9904068178999332
 -0.9904440041180853
 -0.9904819545170505
 -0.9905208055091852
 -0.9905606937228647
 -0.9906016591550644
 -0.9906438882309383
 -0.9906876506875631
 -0.9907327658262719
 -0.9907788612299172
 -0.9908251026098471
 -0.9908708627904597
 -0.9909158079714654
 -0.9909600820288604
 -0.9910042907815839
 -0.9910487818809391
 -0.9910940529851225
 -0.9911400613683291
 -0.9911870901225039
 -0.9912350059068628
 -0.9912841180390899
 -0.9913342583365511
 -0.9913856788084389
 -0.9914379433742184
 -0.9914912492579087
 -0.9915449525996767
 -0.991599464739626
 -0.9916543072158575
 -0.9917100930275323
 -0.991766774635361
 -0.9918249667609516
 -0.9918847212230218
 -0.9919464163228964
 -0.9920098661580495
 -0.9920751506278963
 -0.9921417605592078
 -0.9922096275830873
 -0.9922780100071356
 -0.9923469793101171
 -0.9924158515873321
 -0.9924849274612435
 -0.9925538389992201
 -0.9926230047549562
 -0.9926922796896218
 -0.9927620293329209
 -0.992832096365135
 -0.9929027420649608
 -0.9929737667314367
 -0.9930454504759101
 -0.9931176180122031
 -0.9931905919942503
 -0.9932641594686504
 -0.9933385593213732
 -0.9934134260703084
 -0.9934888472819814
 -0.993564336039055
 -0.9936399015132764
 -0.9937150409643609
 -0.9937898088478984
 -0.993863773998468
 -0.9939371523939631
 -0.9940095948432537
 -0.9940815019939295
 -0.9941526142248572
 -0.9942233659273025
 -0.9942935788061653
 -0.9943636160698827
 -0.9944333082851399
 -0.9945029520072202
 -0.9945723432331522
 -0.9946417555878839
 -0.9947109271712432
 -0.9947801374572871
 -0.9948490707147185
 -0.994918002668557
 -0.9949866481669968
 -0.995055259024023
 -0.9951235864065725
 -0.9951918392512741
 -0.9952597655626318
 -0.9953275320128535
 -0.995394944982342
 -0.9954622184056483
 -0.9955292332391854
 -0.9955962489613717
 -0.9956631207355635
 -0.9957300468225059
 -0.9957967872311035
 -0.995863485295398
 -0.9959298809235182
 -0.995996152158326
 -0.9960620575532632
 -0.9961278223894091
 -0.9961931523077829
 -0.996258181571837
 -0.9963225447056036
 -0.9963861515200819
 -0.9964488472664585
 -0.9965105219167968
 -0.9965713884372206
 -0.9966314321816205
 -0.9966910058792406
 -0.9967501545625201
 -0.9968092768369452
 -0.9968683904827254
 -0.9969278163914346
 -0.9969874155914552
 -0.9970473245669577
 -0.9971072276236322
 -0.997167125887807
 -0.9972266594858012
 -0.9972857851133734
 -0.9973442908140785
 -0.9974021861503204
 -0.9974596165115254
 -0.9975166846577274
 -0.9975736726497293
 -0.9976304858362113
 -0.9976873209485287
 -0.9977439684847373
 -0.9978005771700181
 -0.9978568976261174
 -0.9979130581120089
 -0.9979687994692316
 -0.9980242583581578
 -0.998079198901481
 -0.9981338192266225
 -0.998187935447577
 -0.9982418259347738
 -0.9982953600234635
 -0.9983488556546316
 -0.9984021973249425
 -0.9984556702868067
 -0.9985091301847656
 -0.9985627790032854
 -0.9986163958319003
 -0.9986701117663349
 -0.998723630158548
 -0.9987770483542231
 -0.9988300712285764
 -0.9988828246961037
 -0.9989350726808949
 -0.9989870005070366
 -0.9990384563039757
 -0.9990896253848208
 -0.9991404480344293
 -0.9991910400705873
 -0.9992414618089925
 -0.999291696846511
 -0.9993418803828803
 -0.9993917990824641
 -0.9994415704778311
 -0.9994909138433544
 -0.9995399549373084
 -0.999588420473787
 -0.9996364936283602
 -0.9996840120683124
 -0.9997311374012757
 -0.9997779111986564
 -0.9998243920704345
 -0.9998708123286546
 -0.9999170548315236
 -0.9999634201012751
 -1.000009653472529
 -1.000055917550948
 -1.000101865777039
 -1.000147591501716
 -1.000192731051359
 -1.000237437307538
 -1.000281461552107
 -1.00032502184314
 -1.000368020403841
 -1.000410700291195
 -1.000453052060272
 -1.000495201409457
 -1.000537220988672
 -1.00057902069219
 -1.000620737554157
 -1.000662193320401
 -1.000703500504373
 -1.000744537694118
 -1.000785287911541
 -1.000825818401758
 -1.000865861804654
 -1.000905689300985
 -1.00094492073137
 -1.000983850323724
 -1.001022162490373
 -1.001060126620128
 -1.001097493862881
 -1.001134523113294
 -1.00117101366297
 -1.001207225731866
 -1.001242972536586
 -1.001278540757782
 -1.001313716821607
 -1.001348827380229
 -1.001383607403415
 -1.001418260521696
 -1.001452742384698
 -1.001486946600477
 -1.001521093840207
 -1.001554851479633
 -1.001588432737286
 -1.001621490211319
 -1.001654131373493
 -1.001686137158131
 -1.001717591545619
 -1.001748514913816
 -1.001778867815913
 -1.001808754612339
 -1.001838074772187
 -1.00186704837216
 -1.001895602178434
 -1.001924030219286
 -1.001952220239533
 -1.001980444034575
 -1.002008511261314
 -1.002036655345248
 -1.002064623574866
 -1.002092618554196
 -1.002120346974743
 -1.002147983646803
 -1.002175207534401
 -1.002202174399617
 -1.002228567351785
 -1.002254555072334
 -1.002279858060535
 -1.00230467594144
 -1.002328815927688
 -1.002352504692127
 -1.00237565268496
 -1.002398500138901
 -1.002421035284695
 -1.002443328841886
 -1.002465357206645
 -1.002486906390124
 -1.002508067681908
 -1.002528616612742
 -1.002548732949344
 -1.002568250173378
 -1.00258742414956
 -1.002606248152787
 -1.002624893531915
 -1.002643418051923
 -1.002661662776506
 -1.002679705754799
 -1.002697285925942
 -1.002714571631356
 -1.002731330481492
 -1.002747783557484
 -1.002763751026373
 -1.002779471048262
 -1.002794740968455
 -1.002809779672609
 -1.002824272001706
 -1.002838286803439
 -1.002851615712316
 -1.002864143709737
 -1.002876053677745
 -1.002887136383749
 -1.002897883103446
 -1.002908025559979
 -1.002918041503207
 -1.002927660446996
 -1.00293719656724
 -1.002946362085763
 -1.002955373269932
 -1.002963964644889
 -1.002972309869008
 -1.002980226320825
 -1.002987950273638
 -1.002995377699375
 -1.003002821694199
 -1.003010161050031
 -1.003017660394876
 -1.003025182052219
 -1.003032787281033
 -1.003040319271704
 -1.003047518097871
 -1.003054233913683
 -1.003060222517833
 -1.003065741412748
 -1.003070832776777
 -1.003075902116581
 -1.003081057509211
 -1.003086449721031
 -1.003091921430078
 -1.003097171623735
 -1.003101968552955
 -1.003105850009147
 -1.003108823729291
 -1.003110517070365
 -1.003111123247925
 -1.003110423953533
 -1.003108791779447
 -1.003106201130747
 -1.003103118213414
 -1.003099448175904
 -1.003095663069256
