# Created by Octave 3.2.4, Fri Feb 19 16:31:33 2016 EST <k3thomps@k3thomps-HP-2000-Notebook-PC>
# name: second_s
# type: matrix
# rows: 2001
# columns: 1
 0
 0
 0
 0
 0
 0
 0
 0
 0
 0
 0
 0
 0
 0
 0
 0
 0
 0
 0
 0
 0
 0
 0
 0
 0
 0
 0
 0
 0
 0
 0
 0
 0
 0
 0
 0
 0
 0
 0
 0
 0
 0
 0
 0
 0
 0
 0
 0
 0
 0
 3.647664192716615e-38
 1.151848268527744e-34
 1.42364137881403e-31
 9.256171549283275e-29
 3.56242601654447e-26
 8.615202706833543e-24
 1.352958752919901e-21
 1.404600780691741e-19
 9.719746218855667e-18
 4.488863927452952e-16
 1.376658525705399e-14
 2.767515172228264e-13
 3.573415570528912e-12
 2.931680716002939e-11
 1.5758144160575e-10
 5.661092913023166e-10
 1.373232204779777e-09
 4.11154299874282e-09
 9.377684029730635e-09
 1.431320072885416e-08
 5.124530065896609e-08
 4.51162895162992e-08
 1.694818444381583e-07
 1.792679132649462e-07
 4.125497266042152e-07
 5.63790699111515e-07
 9.698627603714793e-07
 1.402074579732421e-06
 2.171780547001266e-06
 3.119185202571428e-06
 4.544580504419669e-06
 6.326132250452511e-06
 8.790428552801604e-06
 1.18345359424372e-05
 1.580656322531525e-05
 2.06241068747529e-05
 2.659660610731952e-05
 3.360035694250732e-05
 4.189245022492297e-05
 5.12809512422704e-05
 6.200637080274979e-05
 7.388330021219265e-05
 8.718875828290093e-05
 0.000101791988686856
 0.0001179943497450254
 0.0001356474040186355
 0.0001548581052826738
 0.0001749414834763285
 0.0001949115759152795
 0.0002123570009957763
 0.000223937613405429
 0.0002247731488343205
 0.0002088710927682887
 0.0001694247205923998
 0.0001006101251654903
 3.517892642762281e-07
 -0.0001284466316061859
 -0.0002746123009342483
 -0.0004206071078760638
 -0.0005427406671661889
 -0.0006151359231312066
 -0.0006115442909250329
 -0.0005167431591817922
 -0.0003314424054218086
 -7.727792950131921e-05
 0.0002157405609028763
 0.0005099110492046888
 0.0007617271907193621
 0.0009435407567464152
 0.00103698275580808
 0.001044426482995984
 0.0009803704884630527
 0.0008612273963210061
 0.0007051817591558265
 0.0005306943061958545
 0.0003562050102387412
 0.0001989039284269787
 7.474487085986256e-05
 -4.061681593164486e-06
 -2.828223037860441e-05
 3.420464774231542e-06
 8.638051595117428e-05
 0.0002054061922892768
 0.000340685127121312
 0.0004690019315569145
 0.0005695211139157421
 0.0006268547924984209
 0.0006359305986807994
 0.0005992124808202898
 0.0005266981618414773
 0.000429849308731697
 0.0003206081458754637
 0.0002094308222099766
 0.0001048396281029033
 1.412285685773092e-05
 -5.719299163306007e-05
 -0.0001042703754915712
 -0.0001245076252872047
 -0.0001173668955008039
 -8.582288298080592e-05
 -3.571713602714562e-05
 2.448907485597427e-05
 8.578863731045505e-05
 0.0001399116405581808
 0.0001805020724214383
 0.0002040802455049979
 0.0002107646997595645
 0.0002048871393786033
 0.0001932848315412276
 0.0001841567399371044
 0.000184261769979143
 0.0001979936073576347
 0.0002251360285921305
 0.0002616584281614494
 0.0002995303613055652
 0.0003293646703325234
 0.0003416236788578938
 0.0003294729276936269
 0.0002897031690378124
 0.0002241386029541473
 0.0001386782553080078
 4.309554696341994e-05
 -5.085322162888325e-05
 -0.0001302092147985912
 -0.0001832942311517038
 -0.0002009699631390141
 -0.000179495666842449
 -0.0001215267065994834
 -3.717677767369569e-05
 5.862735817257076e-05
 0.0001486230437034401
 0.0002176695256831597
 0.0002558815350760447
 0.0002622828266472721
 0.0002443341704914245
 0.0002158950566732735
 0.0001926248651879979
 0.0001895235227830617
 0.0002186461742344898
 0.0002852158184397052
 0.0003858446659042821
 0.000508309289908596
 0.0006348407045759625
 0.000745271461553186
 0.0008211457651600823
 0.0008484926517258406
 0.0008217036771162817
 0.0007431674502325099
 0.0006233929854279519
 0.0004772472048711577
 0.0003224701580534036
 0.0001764773638346906
 5.522401723941517e-05
 -2.906832668696895e-05
 -6.838124838649073e-05
 -6.043352124296477e-05
 -8.624938880396387e-06
 7.74779231457686e-05
 0.0001843918358071061
 0.0002961833369328189
 0.0003971999293983099
 0.0004734207565273855
 0.0005137089683034949
 0.0005123645426024036
 0.0004687598950076635
 0.0003882222073631814
 0.0002796426443002459
 0.0001555003737588997
 2.979811486451381e-05
 -8.306296953348342e-05
 -0.000170146870480924
 -0.0002205097761324615
 -0.0002276331528929491
 -0.0001901012256921754
 -0.0001125205656910099
 -5.201148894995804e-06
 0.0001183867444717843
 0.0002430792461548966
 0.000354813939645386
 0.0004410735781286246
 0.0004932912390958549
 0.0005060850784797108
 0.0004794780219638522
 0.0004181702706405145
 0.0003317423271761253
 0.0002324521124542033
 0.0001339855672499405
 5.02959654783385e-05
 -5.947501960234883e-06
 -2.438662091027334e-05
 -7.758987753666474e-07
 6.391845765062099e-05
 0.0001606514622124976
 0.000275776573637557
 0.0003913509685827013
 0.0004895227919505334
 0.0005544103837482417
 0.0005759323128810646
 0.0005499879425109189
 0.0004805348933131927
 0.0003785047089019559
 0.0002611294915170853
 0.0001483213081526665
 5.922568386667817e-05
 9.27611630711356e-06
 6.08918587135554e-06
 4.944548684120214e-05
 0.0001296868601412681
 0.0002311358668811356
 0.0003345140450419452
 0.0004214594691330133
 0.0004772815110352906
 0.0004943789497844803
 0.0004715023137906541
 0.0004155862062364165
 0.0003373313356670276
 0.0002508752818271321
 0.0001703773176237404
 0.0001087135103519888
 7.42031158558923e-05
 6.994381336932032e-05
 9.254243880902667e-05
 0.000134180135205958
 0.0001838512374253443
 0.0002304719948082182
 0.0002644409362098591
 0.0002800000517510345
 0.0002754694230330511
 0.0002533674004290471
 0.0002184442973174553
 0.0001768799827220989
 0.0001341281536033653
 9.496974414844735e-05
 6.265078344444919e-05
 3.902928585240849e-05
 2.51743072587596e-05
 2.08016403588337e-05
 2.6018283045044e-05
 3.99002346959908e-05
 6.206757072258975e-05
 9.111785148411709e-05
 0.000125718748791684
 0.0001637076713098291
 0.0002032029119964342
 0.0002422158459337036
 0.0002797373630383447
 0.0003152241204081345
 0.0003491414418510784
 0.0003823149071411864
 0.0004157558913961742
 0.0004505162570944946
 0.0004868077761419646
 0.0005242489045243608
 0.0005609795908885076
 0.0005946953225952057
 0.0006223127303473176
 0.0006415616119191959
 0.0006509200621198883
 0.0006508250597473053
 0.0006429919234131968
 0.0006305879541984269
 0.0006166938153456435
 0.0006041540473832486
 0.0005941855654783971
 0.0005868486826271051
 0.0005804249297348683
 0.0005727438884072191
 0.0005610865993617363
 0.0005438672450783647
 0.0005205505294113361
 0.0004929093417421355
 0.0004642396604900309
 0.0004394436116342619
 0.0004234120846044136
 0.0004204258144665353
 0.0004333185231620749
 0.0004626248321274504
 0.0005058716140597596
 0.0005572308038268918
 0.0006091271240813794
 0.0006532004640910878
 0.0006827009102785303
 0.0006932429703410322
 0.0006845163282885891
 0.0006595520229481888
 0.0006248119789395087
 0.00058794571073065
 0.0005570820342588222
 0.0005382065884689402
 0.0005347420882129987
 0.0005461824156061292
 0.0005692647774741253
 0.0005983361862800429
 0.0006265257429028156
 0.0006472488683720771
 0.0006550934665133738
 0.0006482009376500027
 0.0006274666335084313
 0.0005980526097993037
 0.0005669206021559375
 0.0005429658928213236
 0.0005336754835934798
 0.0005450139483640918
 0.0005780597935762242
 0.0006302521932319475
 0.0006938671723747116
 0.0007592706688735657
 0.0008155566800874147
 0.0008537177732128811
 0.0008675805594240937
 0.0008554679792174913
 0.0008198533388766337
 0.0007665289997076418
 0.0007041017978814013
 0.000641523279692889
 0.0005874885740658235
 0.0005478614741250209
 0.0005253529352656103
 0.0005186153956129282
 0.000523241518410105
 0.0005324524589122805
 0.0005393300568057659
 0.0005376821623113895
 0.000524037712122855
 0.0004976548516069981
 0.0004611557070992952
 0.0004191636197374965
 0.0003778671953535843
 0.0003430162203042045
 0.0003192678357424383
 0.0003086455528301501
 0.0003105774020376108
 0.000321487915942378
 0.00033624775958341
